 1.000000000000000  0.000000000000000  0.000000000000000  0.000000000000000  0.000000000000000  1.000000000000000  0.000000000000000  0.000000000000000  0.000000000000000  0.000000000000000  1.000000000000000  0.000000000000000
 0.999979883344903  0.000000000000000 -0.006342941393032 -0.000828700211059  0.000000000000000  1.000000000000000  0.000000000000000  0.000000000000000  0.006342941393032  0.000000000000000  0.999979883344902  0.261097860778759
 0.999919534188969  0.000000000000000 -0.012685627588536 -0.003297795037255  0.000000000000000  1.000000000000000  0.000000000000000  0.000000000000000  0.012685627588536  0.000000000000000  0.999919534188969  0.522188699549477
 0.999818947359051  0.000000000000000 -0.019028202801090 -0.007452830880752  0.000000000000000  1.000000000000000  0.000000000000000  0.000000000000000  0.019028202801090  0.000000000000000  0.999818947359051  0.783256584215947
 0.999678139570945  0.000000000000000 -0.025369613004039 -0.013255496174381  0.000000000000000  1.000000000000000  0.000000000000000  0.000000000000000  0.025369613004039  0.000000000000000  0.999678139570945  1.044290634402100
 0.999497107199703  0.000000000000000 -0.031710135594569 -0.020698106105854  0.000000000000000  1.000000000000000  0.000000000000000  0.000000000000000  0.031710135594569  0.000000000000000  0.999497107199703  1.305287148319690
 0.999275860062912  0.000000000000000 -0.038049382327811 -0.029810865576309  0.000000000000000  1.000000000000000  0.000000000000000  0.000000000000000  0.038049382327811  0.000000000000000  0.999275860062912  1.566224697437317
 0.999014383420310  0.000000000000000 -0.044387630251430 -0.040570917013952  0.000000000000000  1.000000000000000  0.000000000000000  0.000000000000000  0.044387630251430  0.000000000000000  0.999014383420310  1.827105526379230
 0.998712758717880  0.000000000000000 -0.050723028045673 -0.052993236313228  0.000000000000000  1.000000000000000  0.000000000000000  0.000000000000000  0.050723028045673  0.000000000000000  0.998712758717880  2.087910338743963
 0.998370927166021  0.000000000000000 -0.057056917106165 -0.067062425725965  0.000000000000000  1.000000000000000  0.000000000000000  0.000000000000000  0.057056917106165  0.000000000000000  0.998370927166021  2.348629823813750
 0.997988926160466  0.000000000000000 -0.063388510481628 -0.082778372757844  0.000000000000000  1.000000000000000  0.000000000000000  0.000000000000000  0.063388510481628  0.000000000000000  0.997988926160466  2.609256353023457
 0.997566724653536  0.000000000000000 -0.069718217590645 -0.100163794362743  0.000000000000000  1.000000000000000  0.000000000000000  0.000000000000000  0.069718217590645  0.000000000000000  0.997566724653536  2.869778146042424
 0.997104438379595  0.000000000000000 -0.076044322363425 -0.119187979415116  0.000000000000000  1.000000000000000  0.000000000000000  0.000000000000000  0.076044322363425  0.000000000000000  0.997104438379595  3.130182302858962
 0.996602013357696  0.000000000000000 -0.082367633032567 -0.139873729239582  0.000000000000000  1.000000000000000  0.000000000000000  0.000000000000000  0.082367633032567  0.000000000000000  0.996602013357695  3.390462764566258
 0.996059500180269  0.000000000000000 -0.088687496867554 -0.162197961275709  0.000000000000000  1.000000000000000  0.000000000000000  0.000000000000000  0.088687496867554  0.000000000000000  0.996059500180269  3.650606518658303
 0.995476910549410  0.000000000000000 -0.095003792361155 -0.186183392477375  0.000000000000000  1.000000000000000  0.000000000000000  0.000000000000000  0.095003792361155  0.000000000000000  0.995476910549410  3.910601784804429
 0.994854267905613  0.000000000000000 -0.101316265377223 -0.211814653220017  0.000000000000000  1.000000000000000  0.000000000000000  0.000000000000000  0.101316265377223  0.000000000000000  0.994854267905613  4.170441159428163
 0.994191597300902  0.000000000000000 -0.107624661933410 -0.239091574762142  0.000000000000000  1.000000000000000  0.000000000000000  0.000000000000000  0.107624661933410  0.000000000000000  0.994191597300902  4.430113199681800
 0.993488864715579  0.000000000000000 -0.113929257375578 -0.268006387920707  0.000000000000000  1.000000000000000  0.000000000000000  0.000000000000000  0.113929257375578  0.000000000000000  0.993488864715579  4.689608482353251
 0.992746280468402  0.000000000000000 -0.120228210567043 -0.298581753402473  0.000000000000000  1.000000000000000  0.000000000000000  0.000000000000000  0.120228210567043  0.000000000000000  0.992746280468402  4.948911412829293
 0.991963625002644  0.000000000000000 -0.126523383892520 -0.330787072576158  0.000000000000000  1.000000000000000  0.000000000000000  0.000000000000000  0.126523383892520  0.000000000000000  0.991963625002644  5.208016719663370
 0.991141104233427  0.000000000000000 -0.132813069759503 -0.364652662837230  0.000000000000000  1.000000000000000  0.000000000000000  0.000000000000000  0.132813069759503  0.000000000000000  0.991141104233427  5.466910602889210
 0.990278721750053  0.000000000000000 -0.139097279804754 -0.400155554119550  0.000000000000000  1.000000000000000  0.000000000000000  0.000000000000000  0.139097279804754  0.000000000000000  0.990278721750053  5.725587678565935
 0.989376572834607  0.000000000000000 -0.145375366297212 -0.437287920992915  0.000000000000000  1.000000000000000  0.000000000000000  0.000000000000000  0.145375366297212  0.000000000000000  0.989376572834607  5.984034709198890
 0.988434481686165  0.000000000000000 -0.151648525920309 -0.476072452287667  0.000000000000000  1.000000000000000  0.000000000000000  0.000000000000000  0.151648525920309  0.000000000000000  0.988434481686165  6.242238007316131
 0.987452699978358  0.000000000000000 -0.157915057247405 -0.516478493125376  0.000000000000000  1.000000000000000  0.000000000000000  0.000000000000000  0.157915057247405  0.000000000000000  0.987452699978358  6.500188487188539
 0.986431124195926  0.000000000000000 -0.164175629182780 -0.558536473395805  0.000000000000000  1.000000000000000  0.000000000000000  0.000000000000000  0.164175629182780  0.000000000000000  0.986431124195926  6.757879977414971
 0.985369901413123  0.000000000000000 -0.170429332537250 -0.602208109655408  0.000000000000000  1.000000000000000  0.000000000000000  0.000000000000000  0.170429332537250  0.000000000000000  0.985369901413123  7.015303504760636
 0.984269008747023  0.000000000000000 -0.176676309730970 -0.647531291617611  0.000000000000000  1.000000000000000  0.000000000000000  0.000000000000000  0.176676309730970  0.000000000000000  0.984269008747023  7.272441342482367
 0.983128463641640  0.000000000000000 -0.182916439877964 -0.694467735838842  0.000000000000000  1.000000000000000  0.000000000000000  0.000000000000000  0.182916439877964  0.000000000000000  0.983128463641640  7.529284517345376
 0.981948533687387  0.000000000000000 -0.189148294174678 -0.743040215520196  0.000000000000000  1.000000000000000  0.000000000000000  0.000000000000000  0.189148294174678  0.000000000000000  0.981948533687387  7.785825063301561
 0.980728893545255  0.000000000000000 -0.195373584103636 -0.793241017725791  0.000000000000000  1.000000000000000  0.000000000000000  0.000000000000000  0.195373584103636  0.000000000000000  0.980728893545255  8.042057371421395
 0.979469867679848  0.000000000000000 -0.201590620583452 -0.845062204531090  0.000000000000000  1.000000000000000  0.000000000000000  0.000000000000000  0.201590620583452  0.000000000000000  0.979469867679848  8.297960575645098
 0.978171458860438  0.000000000000000 -0.207799415472811 -0.898519033066364  0.000000000000000  1.000000000000000  0.000000000000000  0.000000000000000  0.207799415472811  0.000000000000000  0.978171458860438  8.553534450984019
 0.976833721808724  0.000000000000000 -0.213999719479530 -0.953573107393737  0.000000000000000  1.000000000000000  0.000000000000000  0.000000000000000  0.213999719479530  0.000000000000000  0.976833721808724  8.808762395638238
 0.975456624862315  0.000000000000000 -0.220191673348973 -1.010270058286082  0.000000000000000  1.000000000000000  0.000000000000000  0.000000000000000  0.220191673348973  0.000000000000000  0.975456624862315  9.063634198935402
 0.974040188340383  0.000000000000000 -0.226375156538505 -1.068556373293177  0.000000000000000  1.000000000000000  0.000000000000000  0.000000000000000  0.226375156538505  0.000000000000000  0.974040188340382  9.318143019770643
 0.972584833421989  0.000000000000000 -0.232548364426675 -1.128477683187882  0.000000000000000  1.000000000000000  0.000000000000000  0.000000000000000  0.232548364426675  0.000000000000000  0.972584833421989  9.572278647471608
 0.971090005115653  0.000000000000000 -0.238713640088877 -1.189995563908724  0.000000000000000  1.000000000000000  0.000000000000000  0.000000000000000  0.238713640088877  0.000000000000000  0.971090005115653  9.826022573097090
 0.969556323404150  0.000000000000000 -0.244868404958721 -1.253125300709570  0.000000000000000  1.000000000000000  0.000000000000000  0.000000000000000  0.244868404958721  0.000000000000000  0.969556323404150 10.079376478799720
 0.967983566383411  0.000000000000000 -0.251013575751696 -1.317866668601781  0.000000000000000  1.000000000000000  0.000000000000000  0.000000000000000  0.251013575751696  0.000000000000000  0.967983566383411 10.332325107449247
 0.966371997874742  0.000000000000000 -0.257148131868735 -1.384204241713590  0.000000000000000  1.000000000000000  0.000000000000000  0.000000000000000  0.257148131868735  0.000000000000000  0.966371997874742 10.584857241186617
 0.964721447115918  0.000000000000000 -0.263272728315278 -1.452145479868648  0.000000000000000  1.000000000000000  0.000000000000000  0.000000000000000  0.263272728315278  0.000000000000000  0.964721447115917 10.836961324669815
 0.963031973177092  0.000000000000000 -0.269387116690158 -1.521682642007491  0.000000000000000  1.000000000000000  0.000000000000000  0.000000000000000  0.269387116690158  0.000000000000000  0.963031973177092 11.088629841828036
 0.961303930185560  0.000000000000000 -0.275490024882564 -1.592823187953784  0.000000000000000  1.000000000000000  0.000000000000000  0.000000000000000  0.275490024882564  0.000000000000000  0.961303930185560 11.339851237319259
 0.959537062398956  0.000000000000000 -0.281582360745097 -1.665551804330079  0.000000000000000  1.000000000000000  0.000000000000000  0.000000000000000  0.281582360745097  0.000000000000000  0.959537062398956 11.590621921849564
 0.957731661006649  0.000000000000000 -0.287663111130791 -1.739852952770349  0.000000000000000  1.000000000000000  0.000000000000000  0.000000000000000  0.287663111130791  0.000000000000000  0.957731661006649 11.840923048994780
 0.955887803507103  0.000000000000000 -0.293732032823059 -1.815772292171005  0.000000000000000  1.000000000000000  0.000000000000000  0.000000000000000  0.293732032823059  0.000000000000000  0.955887803507103 12.090746315223825
 0.954005409253031  0.000000000000000 -0.299789391266531 -1.893256310081825  0.000000000000000  1.000000000000000  0.000000000000000  0.000000000000000  0.299789391266531  0.000000000000000  0.954005409253031 12.340084879431847
 0.952084630591852  0.000000000000000 -0.305834687684013 -1.972312466326486  0.000000000000000  1.000000000000000  0.000000000000000  0.000000000000000  0.305834687684013  0.000000000000000  0.952084630591852 12.588927186276818
 0.950125503278392  0.000000000000000 -0.311867805359873 -2.052955793046565  0.000000000000000  1.000000000000000  0.000000000000000  0.000000000000000  0.311867805359873  0.000000000000000  0.950125503278391 12.837257753639838
 0.948128146060810  0.000000000000000 -0.317888374507927 -2.135171089358949  0.000000000000000  1.000000000000000  0.000000000000000  0.000000000000000  0.317888374507927  0.000000000000000  0.948128146060810 13.085080620792109
 0.946092596176757  0.000000000000000 -0.323896278860260 -2.218957961533562  0.000000000000000  1.000000000000000  0.000000000000000  0.000000000000000  0.323896278860260  0.000000000000000  0.946092596176757 13.332369087755692
 0.944019240626843  0.000000000000000 -0.329890395929192 -2.304301208687264  0.000000000000000  1.000000000000000  0.000000000000000  0.000000000000000  0.329890395929192  0.000000000000000  0.944019240626843 13.579127193801787
 0.941907685221815  0.000000000000000 -0.335871869200269 -2.391223435279656  0.000000000000000  1.000000000000000  0.000000000000000  0.000000000000000  0.335871869200269  0.000000000000000  0.941907685221815 13.825335530034598
 0.939758321607872  0.000000000000000 -0.341839577826729 -2.479701643121004  0.000000000000000  1.000000000000000  0.000000000000000  0.000000000000000  0.341839577826729  0.000000000000000  0.939758321607872 14.070986805371978
 0.937571194717369  0.000000000000000 -0.347793408270263 -2.569743404529291  0.000000000000000  1.000000000000000  0.000000000000000  0.000000000000000  0.347793408270263  0.000000000000000  0.937571194717369 14.316077093037025
 0.935346206510546  0.000000000000000 -0.353733620067886 -2.661325552573317  0.000000000000000  1.000000000000000  0.000000000000000  0.000000000000000  0.353733620067886  0.000000000000000  0.935346206510546 14.560587659099889
 0.933083630961129  0.000000000000000 -0.359659474548351 -2.754455547076717  0.000000000000000  1.000000000000000  0.000000000000000  0.000000000000000  0.359659474548351  0.000000000000000  0.933083630961129 14.804506948218561
 0.930783512792343  0.000000000000000 -0.365570858130058 -2.849125815721522  0.000000000000000  1.000000000000000  0.000000000000000  0.000000000000000  0.365570858130058  0.000000000000000  0.930783512792343 15.047838887169911
 0.928445994013326  0.000000000000000 -0.371467409338434 -2.945351334402205  0.000000000000000  1.000000000000000  0.000000000000000  0.000000000000000  0.371467409338434  0.000000000000000  0.928445994013326 15.290564179552488
 0.926070869543123  0.000000000000000 -0.377349631752363 -3.043101420116757  0.000000000000000  1.000000000000000  0.000000000000000  0.000000000000000  0.377349631752363  0.000000000000000  0.926070869543123 15.532671832495875
 0.923658937609043  0.000000000000000 -0.383215562020823 -3.142406474631344  0.000000000000000  1.000000000000000  0.000000000000000  0.000000000000000  0.383215562020822  0.000000000000000  0.923658937609043 15.774153767457658
 0.921209591022616  0.000000000000000 -0.389066690180418 -3.243235927438307  0.000000000000000  1.000000000000000  0.000000000000000  0.000000000000000  0.389066690180418  0.000000000000000  0.921209591022616 16.015006620132560
 0.918723021815524  0.000000000000000 -0.394902531248095 -3.345566499112125  0.000000000000000  1.000000000000000  0.000000000000000  0.000000000000000  0.394902531248095  0.000000000000000  0.918723021815524 16.255204028025599
 0.916199643210328  0.000000000000000 -0.400722115413248 -3.449436557467082  0.000000000000000  1.000000000000000  0.000000000000000  0.000000000000000  0.400722115413248  0.000000000000000  0.916199643210328 16.494760685795423
 0.913639401313000  0.000000000000000 -0.406525576524311 -3.554830395395641  0.000000000000000  1.000000000000000  0.000000000000000  0.000000000000000  0.406525576524311  0.000000000000000  0.913639401313000 16.733646304170151
 0.911042673648441  0.000000000000000 -0.412312074515772 -3.661725070955243  0.000000000000000  1.000000000000000  0.000000000000000  0.000000000000000  0.412312074515772  0.000000000000000  0.911042673648441 16.971857406350196
 0.908408685495170  0.000000000000000 -0.418083317195195 -3.770150985912083  0.000000000000000  1.000000000000000  0.000000000000000  0.000000000000000  0.418083317195195  0.000000000000000  0.908408685495170 17.209385913793131
 0.905738589809870  0.000000000000000 -0.423836769203933 -3.880062312628199  0.000000000000000  1.000000000000000  0.000000000000000  0.000000000000000  0.423836769203933  0.000000000000000  0.905738589809870 17.446228687182330
 0.903031883189458  0.000000000000000 -0.429573530310354 -3.991473914503758  0.000000000000000  1.000000000000000  0.000000000000000  0.000000000000000  0.429573530310354  0.000000000000000  0.903031883189458 17.682358801551192
 0.900288899519019  0.000000000000000 -0.435292886919639 -4.104370703149969  0.000000000000000  1.000000000000000  0.000000000000000  0.000000000000000  0.435292886919639  0.000000000000000  0.900288899519019 17.917787924736061
 0.897509692725212  0.000000000000000 -0.440994729519861 -4.218782855344359  0.000000000000000  1.000000000000000  0.000000000000000  0.000000000000000  0.440994729519861  0.000000000000000  0.897509692725212 18.152492721064252
 0.894694255671621  0.000000000000000 -0.446679066968898 -4.334656858636721  0.000000000000000  1.000000000000000  0.000000000000000  0.000000000000000  0.446679066968898  0.000000000000000  0.894694255671621 18.386466349430894
 0.891842817572342  0.000000000000000 -0.452345430776776 -4.452030687111219  0.000000000000000  1.000000000000000  0.000000000000000  0.000000000000000  0.452345430776776  0.000000000000000  0.891842817572342 18.619696804516696
 0.888955615135660  0.000000000000000 -0.457993356195023 -4.570866197942181  0.000000000000000  1.000000000000000  0.000000000000000  0.000000000000000  0.457993356195023  0.000000000000000  0.888955615135660 18.852184648793248
 0.886032830775582  0.000000000000000 -0.463622500303652 -4.691201196472321  0.000000000000000  1.000000000000000  0.000000000000000  0.000000000000000  0.463622500303652  0.000000000000000  0.886032830775582 19.083906434093560
 0.883074151446404  0.000000000000000 -0.469233463264519 -4.812974710427725  0.000000000000000  1.000000000000000  0.000000000000000  0.000000000000000  0.469233463264518  0.000000000000000  0.883074151446404 19.314866874654783
 0.880079750456868  0.000000000000000 -0.474825897393746 -4.936224657645426  0.000000000000000  1.000000000000000  0.000000000000000  0.000000000000000  0.474825897393746  0.000000000000000  0.880079750456868 19.545050150875038
 0.877049933512072  0.000000000000000 -0.480399223694700 -5.060935612253659  0.000000000000000  1.000000000000000  0.000000000000000  0.000000000000000  0.480399223694700  0.000000000000000  0.877049933512072 19.774445044895273
 0.873985340205355  0.000000000000000 -0.485952286861715 -5.187092092133512  0.000000000000000  1.000000000000000  0.000000000000000  0.000000000000000  0.485952286861715  0.000000000000000  0.873985340205355 20.003036524573883
 0.870885064441442  0.000000000000000 -0.491486728745372 -5.314694266026494  0.000000000000000  1.000000000000000  0.000000000000000  0.000000000000000  0.491486728745371  0.000000000000000  0.870885064441442 20.230836032758560
 0.867750007451416  0.000000000000000 -0.497000930148091 -5.443749312520425  0.000000000000000  1.000000000000000  0.000000000000000  0.000000000000000  0.497000930148091  0.000000000000000  0.867750007451416 20.457812942694453
 0.864580170362845  0.000000000000000 -0.502494904467055 -5.574234402167080  0.000000000000000  1.000000000000000  0.000000000000000  0.000000000000000  0.502494904467054  0.000000000000000  0.864580170362845 20.683971406147112
 0.861375414532280  0.000000000000000 -0.507968891999642 -5.706141681412661  0.000000000000000  1.000000000000000  0.000000000000000  0.000000000000000  0.507968891999642  0.000000000000000  0.861375414532280 20.909296278480593
 0.858136069628719  0.000000000000000 -0.513422327136418 -5.839486294893150  0.000000000000000  1.000000000000000  0.000000000000000  0.000000000000000  0.513422327136418  0.000000000000000  0.858136069628719 21.133779706141116
 0.854861784531787  0.000000000000000 -0.518855788584005 -5.974252872983926  0.000000000000000  1.000000000000000  0.000000000000000  0.000000000000000  0.518855788584004  0.000000000000000  0.854861784531787 21.357414285552203
 0.851553166661171  0.000000000000000 -0.524268256095419 -6.110433562131222  0.000000000000000  1.000000000000000  0.000000000000000  0.000000000000000  0.524268256095419  0.000000000000000  0.851553166661171 21.580184872077925
 0.848210845022222  0.000000000000000 -0.529658722562641 -6.248020733769922  0.000000000000000  1.000000000000000  0.000000000000000  0.000000000000000  0.529658722562640  0.000000000000000  0.848210845022222 21.802091578212593
 0.844833688918095  0.000000000000000 -0.535029006754815 -6.387029420041616  0.000000000000000  1.000000000000000  0.000000000000000  0.000000000000000  0.535029006754815  0.000000000000000  0.844833688918095 22.023118921837298
 0.841422964101188  0.000000000000000 -0.540377086378735 -6.527413793308371  0.000000000000000  1.000000000000000  0.000000000000000  0.000000000000000  0.540377086378735  0.000000000000000  0.841422964101188 22.243263763635429
 0.837978384631791  0.000000000000000 -0.545703423930888 -6.669196514276935  0.000000000000000  1.000000000000000  0.000000000000000  0.000000000000000  0.545703423930888  0.000000000000000  0.837978384631791 22.462510508993752
 0.834500089102557  0.000000000000000 -0.551007805106084 -6.812377414205828  0.000000000000000  1.000000000000000  0.000000000000000  0.000000000000000  0.551007805106084  0.000000000000000  0.834500089102557 22.680847715064566
 0.830988217462706  0.000000000000000 -0.556290016482550 -6.956926091328841  0.000000000000000  1.000000000000000  0.000000000000000  0.000000000000000  0.556290016482550  0.000000000000000  0.830988217462706 22.898283460390303
 0.827443060562130  0.000000000000000 -0.561549625169117 -7.102865037611240  0.000000000000000  1.000000000000000  0.000000000000000  0.000000000000000  0.561549625169117  0.000000000000000  0.827443060562130 23.114790707510039
 0.823864312397011  0.000000000000000 -0.566787080620757 -7.250171423604771  0.000000000000000  1.000000000000000  0.000000000000000  0.000000000000000  0.566787080620757  0.000000000000000  0.823864312397011 23.330373608189294
 0.820252717934672  0.000000000000000 -0.572001292586637 -7.398852596638791  0.000000000000000  1.000000000000000  0.000000000000000  0.000000000000000  0.572001292586637  0.000000000000000  0.820252717934672 23.545012978520941
 0.816607815944441  0.000000000000000 -0.577192926965024 -7.548878042452758  0.000000000000000  1.000000000000000  0.000000000000000  0.000000000000000  0.577192926965024  0.000000000000000  0.816607815944440 23.758709268482257
 0.812930365164497  0.000000000000000 -0.582360903043394 -7.700255108376000  0.000000000000000  1.000000000000000  0.000000000000000  0.000000000000000  0.582360903043394  0.000000000000000  0.812930365164497 23.971443294166104
 0.809220052416021  0.000000000000000 -0.587505665306993 -7.852983738161372  0.000000000000000  1.000000000000000  0.000000000000000  0.000000000000000  0.587505665306993  0.000000000000000  0.809220052416021 24.183211241289914
 0.805477180699188  0.000000000000000 -0.592626789280478 -8.007056359490877  0.000000000000000  1.000000000000000  0.000000000000000  0.000000000000000  0.592626789280478  0.000000000000000  0.805477180699188 24.394017036630576
 0.801701821016660  0.000000000000000 -0.597724175668487 -8.162449636691834  0.000000000000000  1.000000000000000  0.000000000000000  0.000000000000000  0.597724175668487  0.000000000000000  0.801701821016659 24.603830503410542
 0.797894283774849  0.000000000000000 -0.602797405368853 -8.319178995636010  0.000000000000000  1.000000000000000  0.000000000000000  0.000000000000000  0.602797405368853  0.000000000000000  0.797894283774849 24.812662859488860
 0.794054643256976  0.000000000000000 -0.607846381515952 -8.477228841710160  0.000000000000000  1.000000000000000  0.000000000000000  0.000000000000000  0.607846381515952  0.000000000000000  0.794054643256976 25.020491444158779
 0.790183053950977  0.000000000000000 -0.612870900964231 -8.636599118667137  0.000000000000000  1.000000000000000  0.000000000000000  0.000000000000000  0.612870900964231  0.000000000000000  0.790183053950976 25.227312443137752
 0.786280165276804  0.000000000000000 -0.617870133355127 -8.797266940811527  0.000000000000000  1.000000000000000  0.000000000000000  0.000000000000000  0.617870133355127  0.000000000000000  0.786280165276804 25.433126193908731
 0.782345233905532  0.000000000000000 -0.622845032881614 -8.959239599225485  0.000000000000000  1.000000000000000  0.000000000000000  0.000000000000000  0.622845032881614  0.000000000000000  0.782345233905532 25.637909698282012
 0.778378659003869  0.000000000000000 -0.627795080585487 -9.122524666227010  0.000000000000000  1.000000000000000  0.000000000000000  0.000000000000000  0.627795080585487  0.000000000000000  0.778378659003869 25.841659029480709
 0.774380680470644  0.000000000000000 -0.632719971009153 -9.287084055237587  0.000000000000000  1.000000000000000  0.000000000000000  0.000000000000000  0.632719971009153  0.000000000000000  0.774380680470644 26.044378564259002
 0.770351881731379  0.000000000000000 -0.637618991493292 -9.452925001092241  0.000000000000000  1.000000000000000  0.000000000000000  0.000000000000000  0.637618991493292  0.000000000000000  0.770351881731379 26.246041490144613
 0.766291919381091  0.000000000000000 -0.642492563607738 -9.620039987720135  0.000000000000000  1.000000000000000  0.000000000000000  0.000000000000000  0.642492563607738  0.000000000000000  0.766291919381091 26.446655548196990
 0.762201125275856  0.000000000000000 -0.647340285034247 -9.788436306203453  0.000000000000000  1.000000000000000  0.000000000000000  0.000000000000000  0.647340285034247  0.000000000000000  0.762201125275855 26.646197740226430
 0.758079490327508  0.000000000000000 -0.652162162613552 -9.958091070846793  0.000000000000000  1.000000000000000  0.000000000000000  0.000000000000000  0.652162162613552  0.000000000000000  0.758079490327508 26.844668403715897
 0.753927351490047  0.000000000000000 -0.656957798245217 -10.128989024519898  0.000000000000000  1.000000000000000  0.000000000000000  0.000000000000000  0.656957798245217  0.000000000000000  0.753927351490047 27.042067763654039
 0.749744523381578  0.000000000000000 -0.661727398298824 -10.301137402057764  0.000000000000000  1.000000000000000  0.000000000000000  0.000000000000000  0.661727398298824  0.000000000000000  0.749744523381578 27.238369007568579
 0.745532054178205  0.000000000000000 -0.666469771402144 -10.474543944519839  0.000000000000000  1.000000000000000  0.000000000000000  0.000000000000000  0.666469771402144  0.000000000000000  0.745532054178205 27.433579651530327
 0.741289588493049  0.000000000000000 -0.671185329094585 -10.649170284091840  0.000000000000000  1.000000000000000  0.000000000000000  0.000000000000000  0.671185329094585  0.000000000000000  0.741289588493049 27.627685000880636
 0.737016937029406  0.000000000000000 -0.675874274204746 -10.825031509162530  0.000000000000000  1.000000000000000  0.000000000000000  0.000000000000000  0.675874274204746  0.000000000000000  0.737016937029406 27.820673387783160
 0.732714989184749  0.000000000000000 -0.680535630679241 -11.002112531343132  0.000000000000000  1.000000000000000  0.000000000000000  0.000000000000000  0.680535630679241  0.000000000000000  0.732714989184749 28.012556480074252
 0.728383925496217  0.000000000000000 -0.685169217842368 -11.180412900656366  0.000000000000000  1.000000000000000  0.000000000000000  0.000000000000000  0.685169217842368  0.000000000000000  0.728383925496217 28.203303763493391
 0.724022825408925  0.000000000000000 -0.689776013128086 -11.359917303724787  0.000000000000000  1.000000000000000  0.000000000000000  0.000000000000000  0.689776013128086  0.000000000000000  0.724022825408925 28.392911648746651
 0.719633144124770  0.000000000000000 -0.694354475665778 -11.540602854853036  0.000000000000000  1.000000000000000  0.000000000000000  0.000000000000000  0.694354475665778  0.000000000000000  0.719633144124770 28.581380473317004
 0.715214696962348  0.000000000000000 -0.698904812724206 -11.722500012054455  0.000000000000000  1.000000000000000  0.000000000000000  0.000000000000000  0.698904812724206  0.000000000000000  0.715214696962348 28.768705972944598
 0.710767103301531  0.000000000000000 -0.703427412647781 -11.905577979832715  0.000000000000000  1.000000000000000  0.000000000000000  0.000000000000000  0.703427412647781  0.000000000000000  0.710767103301531 28.954869526193896
 0.706291100457640  0.000000000000000 -0.707921522073129 -12.089829017128356  0.000000000000000  1.000000000000000  0.000000000000000  0.000000000000000  0.707921522073129  0.000000000000000  0.706291100457640 29.139863616994099
 0.701786492657692  0.000000000000000 -0.712387337565187 -12.275245551623431  0.000000000000000  1.000000000000000  0.000000000000000  0.000000000000000  0.712387337565187  0.000000000000000  0.701786492657692 29.323692172122087
 0.697253457576670  0.000000000000000 -0.716824675842970 -12.461834930647232  0.000000000000000  1.000000000000000  0.000000000000000  0.000000000000000  0.716824675842969  0.000000000000000  0.697253457576670 29.506336007670718
 0.692691597842996  0.000000000000000 -0.721233908158593 -12.649566583692096  0.000000000000000  1.000000000000000  0.000000000000000  0.000000000000000  0.721233908158593  0.000000000000000  0.692691597842996 29.687791759334726
 0.688102822173680  0.000000000000000 -0.725613193179822 -12.838471025018539  0.000000000000000  1.000000000000000  0.000000000000000  0.000000000000000  0.725613193179822  0.000000000000000  0.688102822173680 29.868058977136801
 0.683486749489565  0.000000000000000 -0.729962919107669 -13.028494573434845  0.000000000000000  1.000000000000000  0.000000000000000  0.000000000000000  0.729962919107669  0.000000000000000  0.683486749489565 30.047119377124393
 0.678842790231600  0.000000000000000 -0.734283641483710 -13.219644913753303  0.000000000000000  1.000000000000000  0.000000000000000  0.000000000000000  0.734283641483709  0.000000000000000  0.678842790231599 30.224976661085748
 0.674171714428697  0.000000000000000 -0.738574640415084 -13.411921764738114  0.000000000000000  1.000000000000000  0.000000000000000  0.000000000000000  0.738574640415084  0.000000000000000  0.674171714428697 30.401611757608034
 0.669473515604901  0.000000000000000 -0.742835925291456 -13.605325126389250  0.000000000000000  1.000000000000000  0.000000000000000  0.000000000000000  0.742835925291456  0.000000000000000  0.669473515604901 30.577024666691258
 0.664748183820279  0.000000000000000 -0.747067501707604 -13.799839629082147  0.000000000000000  1.000000000000000  0.000000000000000  0.000000000000000  0.747067501707604  0.000000000000000  0.664748183820279 30.751207984758931
 0.659995905817787  0.000000000000000 -0.751269195630807 -13.995434702309144  0.000000000000000  1.000000000000000  0.000000000000000  0.000000000000000  0.751269195630807  0.000000000000000  0.659995905817787 30.924158347505784
 0.655217070650533  0.000000000000000 -0.755440659700108 -14.192140579094914  0.000000000000000  1.000000000000000  0.000000000000000  0.000000000000000  0.755440659700108  0.000000000000000  0.655217070650533 31.095856233541692
 0.650411870611095  0.000000000000000 -0.759581726062559 -14.389926801426103  0.000000000000000  1.000000000000000  0.000000000000000  0.000000000000000  0.759581726062559  0.000000000000000  0.650411870611094 31.266305907126526
 0.645580702436446  0.000000000000000 -0.763692056159854 -14.588800772879228  0.000000000000000  1.000000000000000  0.000000000000000  0.000000000000000  0.763692056159854  0.000000000000000  0.645580702436446 31.435491998635701
 0.640723559322596  0.000000000000000 -0.767771659107696 -14.788732147935210  0.000000000000000  1.000000000000000  0.000000000000000  0.000000000000000  0.767771659107696  0.000000000000000  0.640723559322596 31.603426400894200
 0.635840431148475  0.000000000000000 -0.771820540097840 -14.989728217676248  0.000000000000000  1.000000000000000  0.000000000000000  0.000000000000000  0.771820540097840  0.000000000000000  0.635840431148475 31.770086115712314
 0.630931924404946  0.000000000000000 -0.775838196254008 -15.191773556230576  0.000000000000000  1.000000000000000  0.000000000000000  0.000000000000000  0.775838196254007  0.000000000000000  0.630931924404946 31.935459925230990
 0.625997824435906  0.000000000000000 -0.779824803274115 -15.394860591280239  0.000000000000000  1.000000000000000  0.000000000000000  0.000000000000000  0.779824803274115  0.000000000000000  0.625997824435906 32.099551756227129
 0.621038326596486  0.000000000000000 -0.783780196801525 -15.599004523708306  0.000000000000000  1.000000000000000  0.000000000000000  0.000000000000000  0.783780196801524  0.000000000000000  0.621038326596486 32.262357569429504
 0.616054256640247  0.000000000000000 -0.787703721506655 -15.804151616075917  0.000000000000000  1.000000000000000  0.000000000000000  0.000000000000000  0.787703721506654  0.000000000000000  0.616054256640247 32.423855266602992
 0.611045399741336  0.000000000000000 -0.791595552952991 -16.010332551385094  0.000000000000000  1.000000000000000  0.000000000000000  0.000000000000000  0.791595552952991  0.000000000000000  0.611045399741336 32.584055840618007
 0.606011957431108  0.000000000000000 -0.795455534552697 -16.217516590386641  0.000000000000000  1.000000000000000  0.000000000000000  0.000000000000000  0.795455534552697  0.000000000000000  0.606011957431108 32.742944484321576
 0.600954132230112  0.000000000000000 -0.799283510999416 -16.425711249151394  0.000000000000000  1.000000000000000  0.000000000000000  0.000000000000000  0.799283510999416  0.000000000000000  0.600954132230112 32.900513456654245
 0.595871913766959  0.000000000000000 -0.803079486964835 -16.634908899114183  0.000000000000000  1.000000000000000  0.000000000000000  0.000000000000000  0.803079486964834  0.000000000000000  0.595871913766959 33.056762870110333
 0.590766363010273  0.000000000000000 -0.806842676322723 -16.845078744778707  0.000000000000000  1.000000000000000  0.000000000000000  0.000000000000000  0.806842676322723  0.000000000000000  0.590766363010273 33.211674103254317
 0.585636399154519  0.000000000000000 -0.810573875711110 -17.056236268263863  0.000000000000000  1.000000000000000  0.000000000000000  0.000000000000000  0.810573875711110  0.000000000000000  0.585636399154519 33.365262188227803
 0.580483087093795  0.000000000000000 -0.814272304329490 -17.268365706214954  0.000000000000000  1.000000000000000  0.000000000000000  0.000000000000000  0.814272304329490  0.000000000000000  0.580483087093795 33.517493021476362
 0.575306637126424  0.000000000000000 -0.817937817488766 -17.481444454172365  0.000000000000000  1.000000000000000  0.000000000000000  0.000000000000000  0.817937817488766  0.000000000000000  0.575306637126424 33.668386011895784
 0.570106822843019  0.000000000000000 -0.821570575512438 -17.695487488030583  0.000000000000000  1.000000000000000  0.000000000000000  0.000000000000000  0.821570575512438  0.000000000000000  0.570106822843019 33.817921863084599
 0.564884070311916  0.000000000000000 -0.825170277644465 -17.910471809599873  0.000000000000000  1.000000000000000  0.000000000000000  0.000000000000000  0.825170277644465  0.000000000000000  0.564884070311916 33.966093283960660
 0.559638368964585  0.000000000000000 -0.828736928091574 -18.126389846562265  0.000000000000000  1.000000000000000  0.000000000000000  0.000000000000000  0.828736928091574  0.000000000000000  0.559638368964585 34.112904201300822
 0.554370591970861  0.000000000000000 -0.832269936233358 -18.343233689116833  0.000000000000000  1.000000000000000  0.000000000000000  0.000000000000000  0.832269936233358  0.000000000000000  0.554370591970861 34.258335656186617
 0.549080734328447  0.000000000000000 -0.835769314577494 -18.560995764945591  0.000000000000000  1.000000000000000  0.000000000000000  0.000000000000000  0.835769314577494  0.000000000000000  0.549080734328447 34.402391575394915
 0.543768341129290  0.000000000000000 -0.839235361019482 -18.779675905307091  0.000000000000000  1.000000000000000  0.000000000000000  0.000000000000000  0.839235361019482  0.000000000000000  0.543768341129290 34.545060516078038
 0.538434069411233  0.000000000000000 -0.842667640827189 -18.999251337000221  0.000000000000000  1.000000000000000  0.000000000000000  0.000000000000000  0.842667640827189  0.000000000000000  0.538434069411233 34.686350444284081
 0.533078584440637  0.000000000000000 -0.846065731968130 -19.219721610047717  0.000000000000000  1.000000000000000  0.000000000000000  0.000000000000000  0.846065731968130  0.000000000000000  0.533078584440637 34.826230845752505
 0.527700976004707  0.000000000000000 -0.849430208977571 -19.441064063742818  0.000000000000000  1.000000000000000  0.000000000000000  0.000000000000000  0.849430208977571  0.000000000000000  0.527700976004707 34.964717315096564
 0.522302133737413  0.000000000000000 -0.852760506293148 -19.663286045414868  0.000000000000000  1.000000000000000  0.000000000000000  0.000000000000000  0.852760506293148  0.000000000000000  0.522302133737413 35.101790668409102
 0.516882274879413  0.000000000000000 -0.856056489909097 -19.886364838109930  0.000000000000000  1.000000000000000  0.000000000000000  0.000000000000000  0.856056489909096  0.000000000000000  0.516882274879413 35.237462686020784
 0.511442075217430  0.000000000000000 -0.859317754789978 -20.110307789157350  0.000000000000000  1.000000000000000  0.000000000000000  0.000000000000000  0.859317754789978  0.000000000000000  0.511442075217430 35.371714184024462
 0.505981069702221  0.000000000000000 -0.862544582675584 -20.335107157497678  0.000000000000000  1.000000000000000  0.000000000000000  0.000000000000000  0.862544582675584  0.000000000000000  0.505981069702221 35.504537646349320
 0.500499475479307  0.000000000000000 -0.865736839371491 -20.560732372623210  0.000000000000000  1.000000000000000  0.000000000000000  0.000000000000000  0.865736839371491  0.000000000000000  0.500499475479307 35.635929708690107
 0.494997973369812  0.000000000000000 -0.868894128395272 -20.787191175593410  0.000000000000000  1.000000000000000  0.000000000000000  0.000000000000000  0.868894128395272  0.000000000000000  0.494997973369812 35.765897887117617
 0.489476322785089  0.000000000000000 -0.872016587819743 -21.014475600360189  0.000000000000000  1.000000000000000  0.000000000000000  0.000000000000000  0.872016587819743  0.000000000000000  0.489476322785089 35.894419408430799
 0.483934510358418  0.000000000000000 -0.875104216470335 -21.242547504097889  0.000000000000000  1.000000000000000  0.000000000000000  0.000000000000000  0.875104216470335  0.000000000000000  0.483934510358417 36.021494835101251
 0.478374625124653  0.000000000000000 -0.878155862040930 -21.471445085879299  0.000000000000000  1.000000000000000  0.000000000000000  0.000000000000000  0.878155862040930  0.000000000000000  0.478374625124653 36.147127418939917
 0.472794089313723  0.000000000000000 -0.881172939388181 -21.701122349325022  0.000000000000000  1.000000000000000  0.000000000000000  0.000000000000000  0.881172939388181  0.000000000000000  0.472794089313723 36.271302577782500
 0.467195232234184  0.000000000000000 -0.884154180546384 -21.931586866753040  0.000000000000000  1.000000000000000  0.000000000000000  0.000000000000000  0.884154180546383  0.000000000000000  0.467195232234184 36.394016384852108
 0.461577577554738  0.000000000000000 -0.887099847761626 -22.162823381033039  0.000000000000000  1.000000000000000  0.000000000000000  0.000000000000000  0.887099847761626  0.000000000000000  0.461577577554738 36.515269065137382
 0.455941351301717  0.000000000000000 -0.890009822514990 -22.394831723423582  0.000000000000000  1.000000000000000  0.000000000000000  0.000000000000000  0.890009822514990  0.000000000000000  0.455941351301717 36.635049175790613
 0.450286304669839  0.000000000000000 -0.892884227560763 -22.627589120723588  0.000000000000000  1.000000000000000  0.000000000000000  0.000000000000000  0.892884227560763  0.000000000000000  0.450286304669839 36.753364682859917
