%YAML:1.0
calibration_time: "03/10/10 14:12:21"
image_count: 9
image_width: 1242
image_height: 375
board_width: 8
board_height: 6
square_size: 2.
flags: 0
camera_matrix: !!opencv-matrix
   rows: 3
   cols: 3
   dt: d
   data: [721.53769999999997000000,    0.00000000000000000000,  609.55930000000001000000, 
        0.00000000000000000000,  721.53769999999997000000,  172.85400000000001000000, 
        0.00000000000000000000,    0.00000000000000000000,    1.00000000000000000000]
distortion_coefficients: !!opencv-matrix
   rows: 1
   cols: 4
   dt: d
   data: [ 0,  0, 
       0,  0 ]
# a set of 16-tuples (rotation vector + translation vector) for each view
extrinsic_parameters: !!opencv-matrix
   rows: 447
   cols: 16
   dt: d
   data: [ 0.00099874720565656201,   -0.99999038207104129000,    0.00425937848763519030,   -0.31407687027154357000, 
           0.00841690182755742110,   -0.00425082113606945100,   -0.99995556967532739000,    0.71945203557201609000, 
           0.99996404869665845000,    0.00103455328422635220,    0.00841257520873258180,   -1.08908294024965090000, 
           0.00000000000000000000,    0.00000000000000000000,    0.00000000000000000000,    1.00000000000000000000, 
           0.00123278014544318540,   -0.99999353272554159000,    0.00336434181871055620,   -0.32419129765744786000, 
           0.01009469879759937800,   -0.00335172608950079800,   -0.99994345741637836000,    0.70737387208863456000, 
           0.99994825752707950000,    0.00126667213875207290,    0.01009050138516934100,   -2.26465671259021350000, 
           0.00000000000000000000,    0.00000000000000000000,    0.00000000000000000000,    1.00000000000000000000, 
           0.00100468798403000740,   -0.99997679713186405000,    0.00673051525688305070,   -0.32945624452709188000, 
           0.00745347652795042000,   -0.00672284131880160170,   -0.99994965079931075000,    0.70931852249131055000, 
           0.99997168795218749000,    0.00105480281852277850,    0.00744654906787358540,   -3.33694171254834600000, 
           0.00000000000000000000,    0.00000000000000000000,    0.00000000000000000000,    1.00000000000000000000, 
           0.00088605433362819511,   -0.99997351359566689000,    0.00721741300770272970,   -0.33716612899396126000, 
           0.00330050585802299860,   -0.00721445008930879720,   -0.99996855621184622000,    0.72101387964082952000, 
           0.99999413097233425000,    0.00090984727018521879,    0.00329402592348155760,   -4.40721907259371900000, 
           0.00000000000000000000,    0.00000000000000000000,    0.00000000000000000000,    1.00000000000000000000, 
           0.00110866079972979260,   -0.99996958679065939000,    0.00771365027846786580,   -0.34945618014109942000, 
           0.00113876654149706620,   -0.00771238549797447460,   -0.99996963822013529000,    0.72865744140043165000, 
           0.99999870724463358000,    0.00111741086723224190,    0.00113018138758636930,   -5.58490909414201210000, 
           0.00000000000000000000,    0.00000000000000000000,    0.00000000000000000000,    1.00000000000000000000, 
           0.00127750495531341460,   -0.99997203860025530000,    0.00736165975901737890,   -0.35997069334435061000, 
           0.00047622153175027639,   -0.00736105449502039240,   -0.99997282119625031000,    0.72919304632797521000, 
           0.99999904080100610000,    0.00128097569521625670,    0.00046680433752834503,   -6.65296781508172950000, 
           0.00000000000000000000,    0.00000000000000000000,    0.00000000000000000000,    1.00000000000000000000, 
           0.00157090138221841340,   -0.99997827959737062000,    0.00639348402665058070,   -0.37207068020528195000, 
           0.00127286907401247000,   -0.00639148507237968180,   -0.99997879165725512000,    0.71988936136164616000, 
           0.99999792623905370000,    0.00157900581147485140,    0.00126280093151311290,   -7.82617133670199030000, 
           0.00000000000000000000,    0.00000000000000000000,    0.00000000000000000000,    1.00000000000000000000, 
           0.00179221239177982590,   -0.99997564324970745000,    0.00673831713012102910,   -0.37767732772333218000, 
           0.00239414173140167860,   -0.00673401579586473380,   -0.99997448775358511000,    0.70327727560015474000, 
           0.99999549822493139000,    0.00180829882986373100,    0.00238201451845661880,   -8.89590196953690260000, 
           0.00000000000000000000,    0.00000000000000000000,    0.00000000000000000000,    1.00000000000000000000, 
           0.00191151277123745320,   -0.99997167029373057000,    0.00727384111462700890,   -0.37353386822664475000, 
           0.00310051650649884220,   -0.00726789082593695680,   -0.99996880931444521000,    0.68696989239925632000, 
           0.99999333664127954000,    0.00193400548827080850,    0.00308653588435493090,   -9.97178799218412590000, 
           0.00000000000000000000,    0.00000000000000000000,    0.00000000000000000000,    1.00000000000000000000, 
           0.00215088860729377270,   -0.99996256515224002000,    0.00837532136816253330,   -0.36864348527504770000, 
           0.00343128905099616530,   -0.00836790935720082940,   -0.99995912885970117000,    0.67302178986518235000, 
           0.99999177013848572000,    0.00217953851812739210,    0.00341316203831185450,  -11.15455502954539600000, 
           0.00000000000000000000,    0.00000000000000000000,    0.00000000000000000000,    1.00000000000000000000, 
           0.00223436386239757790,   -0.99995678485395367000,    0.00901887345199071930,   -0.37599502121326583000, 
           0.00248407164586779940,   -0.00901331607851231510,   -0.99995632132745726000,    0.67880506755831771000, 
           0.99999438869249269000,    0.00225666946698627150,    0.00246382515568450800,  -12.22477052466635800000, 
           0.00000000000000000000,    0.00000000000000000000,    0.00000000000000000000,    1.00000000000000000000, 
           0.00215389218820905910,   -0.99995960030677344000,    0.00872138397438599990,   -0.40504001617052743000, 
           0.00170313010365979320,   -0.00871772135373550040,   -0.99996057708474817000,    0.69269636143336544000, 
           0.99999620024579539000,    0.00216866059875676180,    0.00168428416005002210,  -13.29688977202815500000, 
           0.00000000000000000000,    0.00000000000000000000,    0.00000000000000000000,    1.00000000000000000000, 
           0.00219782237704285860,   -0.99994291762815235000,    0.01045155958535467700,   -0.42816746382950277000, 
           0.00219507614031335190,   -0.01044673366879032100,   -0.99994304959722857000,    0.68588743162306898000, 
           0.99999514580201820000,    0.00222063885027226320,    0.00217199066536411830,  -14.46441729922455000000, 
           0.00000000000000000000,    0.00000000000000000000,    0.00000000000000000000,    1.00000000000000000000, 
           0.00213140125589784650,   -0.99995265081930496000,    0.00948985162163754060,   -0.45331729872100374000, 
           0.00277886469462476900,   -0.00948391199722227460,   -0.99995119299176383000,    0.67921280822587582000, 
           0.99999383770609429000,    0.00215766791390614160,    0.00275851898017274910,  -15.52450885041740100000, 
           0.00000000000000000000,    0.00000000000000000000,    0.00000000000000000000,    1.00000000000000000000, 
           0.00225284663371542880,   -0.99994945732910401000,    0.00979344193554364250,   -0.47558588962771708000, 
           0.00169763229711108500,   -0.00978962645076775040,   -0.99995066693310009000,    0.69591678278325397000, 
           0.99999599156016983000,    0.00226936082783966080,    0.00167549186190481170,  -16.57892723376414100000, 
           0.00000000000000000000,    0.00000000000000000000,    0.00000000000000000000,    1.00000000000000000000, 
           0.00231758809558903210,   -0.99994705579977383000,    0.01002089908402919000,   -0.49848445100039934000, 
           0.00031631719213953517,   -0.01002019056067567100,   -0.99994977412166841000,    0.72053205041381063000, 
           0.99999723456522727000,    0.00232064114548127510,    0.00029307767825319762,  -17.73343791748978000000, 
           0.00000000000000000000,    0.00000000000000000000,    0.00000000000000000000,    1.00000000000000000000, 
           0.00247067225577646270,   -0.99994916273658041000,    0.00977096498229706660,   -0.51901309242551774000, 
          -0.00013557587333517390,   -0.00977132776824412440,   -0.99995227776841522000,    0.72889164149089991000, 
           0.99999690889873039000,    0.00246922931143640390,   -0.00015971081766496045,  -18.77748768563460400000, 
           0.00000000000000000000,    0.00000000000000000000,    0.00000000000000000000,    1.00000000000000000000, 
           0.00254583164698963430,   -0.99997287754672970000,    0.00690412541945190780,   -0.53914247434339602000, 
          -0.00071449405648891552,   -0.00690596286360740330,   -0.99997592581850892000,    0.74007040566953464000, 
           0.99999647431812810000,    0.00254083706995337790,   -0.00073205618022600255,  -19.81830885627057600000, 
           0.00000000000000000000,    0.00000000000000000000,    0.00000000000000000000,    1.00000000000000000000, 
           0.00269918208757350620,   -0.99996477441309506000,    0.00794156059570554770,   -0.56361271585132855000, 
           0.00016768743999408080,   -0.00794113477410656430,   -0.99996848215373058000,    0.72245301910289783000, 
           0.99999631334638417000,    0.00270042838190429290,    0.00014624687273158757,  -20.95798316367772100000, 
           0.00000000000000000000,    0.00000000000000000000,    0.00000000000000000000,    1.00000000000000000000, 
           0.00285246381105485470,   -0.99995585633819739000,    0.00894722643158179370,   -0.58271022656832194000, 
           0.00332653471027140580,   -0.00893772289019101680,   -0.99995455212613216000,    0.65254793331893157000, 
           0.99999036896775839000,    0.00288209709691035700,    0.00330089321297702580,  -21.98933712999513500000, 
           0.00000000000000000000,    0.00000000000000000000,    0.00000000000000000000,    1.00000000000000000000, 
           0.00324255480458163000,   -0.99996761287025371000,    0.00735955736275246700,   -0.60790481257898832000, 
           0.00447017444840780000,   -0.00734502597312914910,   -0.99996306090538611000,    0.62116739181952629000, 
           0.99998472177896147000,    0.00327533319427647170,    0.00444621289107562710,  -23.01474931529404700000, 
           0.00000000000000000000,    0.00000000000000000000,    0.00000000000000000000,    1.00000000000000000000, 
           0.00301623079954506160,   -0.99993527380563274000,    0.01096606523270323700,   -0.61664391697549048000, 
           0.00290909920680806810,   -0.01095729288074739000,   -0.99993576289476960000,    0.65409605722185260000, 
           0.99999118991344560000,    0.00304793808053669110,    0.00287586107143679520,  -24.14200345780608700000, 
           0.00000000000000000000,    0.00000000000000000000,    0.00000000000000000000,    1.00000000000000000000, 
           0.00274510580082071380,   -0.99990422394076306000,    0.01356139282050742800,   -0.62563328051039591000, 
           0.00097176284693101765,   -0.01355876854877037500,   -0.99990763099089530000,    0.70285649162612707000, 
           0.99999573023126076000,    0.00275803036154476320,    0.00093444942385815296,  -25.16550846086740000000, 
           0.00000000000000000000,    0.00000000000000000000,    0.00000000000000000000,    1.00000000000000000000, 
           0.00278627680789315110,   -0.99987917146373029000,    0.01528996959522850800,   -0.64162715053539621000, 
           0.00048739338426430703,   -0.01528866779243789500,   -0.99988303022215341000,    0.71348976843721001000, 
           0.99999596975124516000,    0.00279340279298856450,    0.00044473594058451471,  -26.18520362011301800000, 
           0.00000000000000000000,    0.00000000000000000000,    0.00000000000000000000,    1.00000000000000000000, 
           0.00260982825491537550,   -0.99984567739044472000,    0.01736992330989459800,   -0.65364608049704265000, 
          -0.00045070320438325186,   -0.01737115546453780000,   -0.99984903603787223000,    0.73615553796022815000, 
           0.99999646302992307000,    0.00260160525166179810,   -0.00049596946577403628,  -27.30640881684373900000, 
           0.00000000000000000000,    0.00000000000000000000,    0.00000000000000000000,    1.00000000000000000000, 
           0.00288325768693085830,   -0.99981507764117050000,    0.01901055975398510000,   -0.71527936714632823000, 
           0.00082097053888145928,   -0.01900826451808611300,   -0.99981901708699206000,    0.69847965653341137000, 
           0.99999547661083221000,    0.00289834263998492610,    0.00076601290427923911,  -28.33498846340882000000, 
           0.00000000000000000000,    0.00000000000000000000,    0.00000000000000000000,    1.00000000000000000000, 
           0.00365882477852354620,   -0.99975998534515198000,    0.02159835039004001600,   -0.75075005397270944000, 
           0.00311652154061650180,   -0.02158698884379676300,   -0.99976214383600215000,    0.64462738842493372000, 
           0.99998842028599177000,    0.00372526588473181490,    0.00303679040569633000,  -29.36126098421675900000, 
           0.00000000000000000000,    0.00000000000000000000,    0.00000000000000000000,    1.00000000000000000000, 
           0.00417305142754650570,   -0.99970726104083585000,    0.02383027275718706300,   -0.78296822760171425000, 
           0.00435858263962663180,   -0.02381206947632441600,   -0.99970697864226299000,    0.62085033815514967000, 
           0.99998176423969432000,    0.00427569449816272290,    0.00425793759704948950,  -30.49192345049149100000, 
           0.00000000000000000000,    0.00000000000000000000,    0.00000000000000000000,    1.00000000000000000000, 
           0.00464177516351512840,   -0.99962249279523818000,    0.02707821738657363600,   -0.81149465791265918000, 
           0.00215611854098449880,   -0.02706844091932365100,   -0.99963128487480235000,    0.69511739204811496000, 
           0.99998687265737196000,    0.00469844716382085410,    0.00202965887062089150,  -31.52107796615439000000, 
           0.00000000000000000000,    0.00000000000000000000,    0.00000000000000000000,    1.00000000000000000000, 
           0.00484394360581740130,   -0.99957059747831989000,    0.02889742034936008300,   -0.87216004902980648000, 
           0.00009957719286928478,   -0.02889727663305766800,   -0.99958240907340368000,    0.77942351840172486000, 
           0.99998823328318243000,    0.00484479798785075140,   -0.00004044242761928711,  -32.57731430223869800000, 
           0.00000000000000000000,    0.00000000000000000000,    0.00000000000000000000,    1.00000000000000000000, 
           0.00576724569979969720,   -0.99949696047891812000,    0.03118443371477960500,   -0.91037187757634497000, 
           0.00017032935648153558,   -0.03118396974305263200,   -0.99951367477408160000,    0.78534670767629999000, 
           0.99998332499860532000,    0.00576975220336778310,   -0.00000960202431701286,  -33.71961292821994500000, 
           0.00000000000000000000,    0.00000000000000000000,    0.00000000000000000000,    1.00000000000000000000, 
           0.00661086499264213100,   -0.99949880394191370000,    0.03095708995371320600,   -0.94315931156996458000, 
           0.00108510647356201750,   -0.03095057771115920100,   -0.99952035463251077000,    0.76178921172492164000, 
           0.99997752945689500000,    0.00664128548857958760,    0.00087995244041069124,  -34.75445838316523600000, 
           0.00000000000000000000,    0.00000000000000000000,    0.00000000000000000000,    1.00000000000000000000, 
           0.00776655894345300300,   -0.99949314226703612000,    0.03087139710174650900,   -0.99706352156747569000, 
           0.00111781591559286920,   -0.03086363091984627200,   -0.99952300714662712000,    0.75966544697902760000, 
           0.99996918525552270000,    0.00779736250657175200,    0.00087754504182853237,  -35.89444374684083500000, 
           0.00000000000000000000,    0.00000000000000000000,    0.00000000000000000000,    1.00000000000000000000, 
           0.00848435225977035510,   -0.99949544303366544000,    0.03060684820980082800,   -1.06154640342323960000, 
           0.00047052187027674629,   -0.03060395581875547500,   -0.99953150602611174000,    0.80197401758570863000, 
           0.99996386674046522000,    0.00849477819405363740,    0.00021062963824827578,  -36.95423680857769700000, 
           0.00000000000000000000,    0.00000000000000000000,    0.00000000000000000000,    1.00000000000000000000, 
           0.00908458403155424330,   -0.99949116134476179000,    0.03057438081698964400,   -1.11364215064748610000, 
           0.00037418012554901736,   -0.03057224225620531300,   -0.99953251724697578000,    0.81517805990107495000, 
           0.99995863451085287000,    0.00909177707601170090,    0.00009625354025292500,  -38.01170725021179200000, 
           0.00000000000000000000,    0.00000000000000000000,    0.00000000000000000000,    1.00000000000000000000, 
           0.00875689704737504100,   -0.99947216793310090000,    0.03128268397817451900,   -1.13540758383737630000, 
           0.00035254419818809939,   -0.03128079546154936100,   -0.99951060153922089000,    0.82561660273389315000, 
           0.99996156570005201000,    0.00876363957234028990,    0.00007843532484986225,  -39.18194105428082000000, 
           0.00000000000000000000,    0.00000000000000000000,    0.00000000000000000000,    1.00000000000000000000, 
           0.00748636110222961230,   -0.99945331790843051000,    0.03220130051638010100,   -1.11485125722064900000, 
          -0.00063893076360647255,   -0.03220697707131882400,   -0.99948104406077676000,    0.86617248922192047000, 
           0.99997174288846546000,    0.00746190122937657060,   -0.00087969460652727663,  -40.24439976694730300000, 
           0.00000000000000000000,    0.00000000000000000000,    0.00000000000000000000,    1.00000000000000000000, 
           0.00563556406573841130,   -0.99944907477935629000,    0.03270613667216931000,   -1.06984735918259650000, 
          -0.00207742557359990450,   -0.03271828669851371800,   -0.99946248206719279000,    0.92489931089608546000, 
           0.99998193240232103000,    0.00556458992215187050,   -0.00226066712978034020,  -41.30931957040409900000, 
           0.00000000000000000000,    0.00000000000000000000,    0.00000000000000000000,    1.00000000000000000000, 
           0.00324341645972486560,   -0.99943043229038708000,    0.03358861856622725300,   -1.00408643777308270000, 
          -0.00196146972421406410,   -0.03359508883646957600,   -0.99943362845363803000,    0.91540781800004178000, 
           0.99999278662191604000,    0.00317569608265364390,   -0.00206931546151848180,  -42.48178183068265000000, 
           0.00000000000000000000,    0.00000000000000000000,    0.00000000000000000000,    1.00000000000000000000, 
           0.00072173619818712974,   -0.99945454916295629000,    0.03301495555048843800,   -0.92324989834758142000, 
          -0.00083625197700588384,   -0.03301555569104604900,   -0.99945451562662735000,    0.84886709893401746000, 
           0.99999936009369406000,    0.00069373336385421323,   -0.00085962443880529052,  -43.54100196334747600000, 
           0.00000000000000000000,    0.00000000000000000000,    0.00000000000000000000,    1.00000000000000000000, 
          -0.00160356897768628530,   -0.99951560542024687000,    0.03107872461348282200,   -0.84352944006818897000, 
          -0.00006911189317385276,   -0.03107865344036940900,   -0.99951696712226623000,    0.80026337760959565000, 
           0.99999868209760234000,   -0.00160494260569108480,   -0.00001924173416230877,  -44.60798621241319500000, 
           0.00000000000000000000,    0.00000000000000000000,    0.00000000000000000000,    1.00000000000000000000, 
          -0.00434174169235530300,   -0.99953675341559267000,    0.03012195023836600200,   -0.74303969637114520000, 
          -0.00065320448606519949,   -0.03011939258380624500,   -0.99954612227535355000,    0.81996413770546817000, 
           0.99999033145700422000,   -0.00435944713479247210,   -0.00052213134733118845,  -45.79574292250773500000, 
           0.00000000000000000000,    0.00000000000000000000,    0.00000000000000000000,    1.00000000000000000000, 
          -0.00683280681519772990,   -0.99956641249143197000,    0.02863920050742086900,   -0.68100440274271923000, 
          -0.00166324689013065510,   -0.02862846873914406300,   -0.99958876515737627000,    0.84802740710063496000, 
           0.99997524307495411000,   -0.00687763123375978010,   -0.00146691300092900190,  -46.87008073925824200000, 
           0.00000000000000000000,    0.00000000000000000000,    0.00000000000000000000,    1.00000000000000000000, 
          -0.00915996919607493620,   -0.99957836206485273000,    0.02755171667504211300,   -0.61839908260750731000, 
          -0.00154315234170267910,   -0.02753870879627439200,   -0.99961957425817671000,    0.83197098430887317000, 
           0.99995682609018766000,   -0.00919900122795458060,   -0.00129024803803135320,  -47.95312321902506600000, 
           0.00000000000000000000,    0.00000000000000000000,    0.00000000000000000000,    1.00000000000000000000, 
          -0.01154256208705376100,   -0.99955283258274841000,    0.02758275134824980700,   -0.55607497236054693000, 
          -0.00028193503022514062,   -0.02758133409026225200,   -0.99961955041098216000,    0.77137139628860507000, 
           0.99993331286094234000,   -0.01154594746982611800,    0.00003655021857003338,  -49.15553205885738200000, 
           0.00000000000000000000,    0.00000000000000000000,    0.00000000000000000000,    1.00000000000000000000, 
          -0.01346130244658269200,   -0.99959525768452728000,    0.02506029103410993600,   -0.50190185779108798000, 
           0.00036678096530736067,   -0.02506749570877708100,   -0.99968572120043220000,    0.73947679415876322000, 
           0.99990929548702778000,   -0.01344788039083860300,    0.00070407356328739713,  -50.25420271689126400000, 
           0.00000000000000000000,    0.00000000000000000000,    0.00000000000000000000,    1.00000000000000000000, 
          -0.01481892678591735300,   -0.99958160746404912000,    0.02483774273500367200,   -0.47572858528512935000, 
           0.00021203571506839963,   -0.02484361057789260400,   -0.99969135491696814000,    0.74758268497349134000, 
           0.99989014138588728000,   -0.01480908667972212000,    0.00058010255669073418,  -51.35451082896132400000, 
           0.00000000000000000000,    0.00000000000000000000,    0.00000000000000000000,    1.00000000000000000000, 
          -0.01669021530142417200,   -0.99964886934971231000,    0.02057859948351564700,   -0.42756353411740616000, 
          -0.00055974125954547441,   -0.02057212047514649800,   -0.99978824237450026000,    0.80138536333606747000, 
           0.99986052216814847000,   -0.01669819986548263400,   -0.00021619168164948264,  -52.56758126753579300000, 
           0.00000000000000000000,    0.00000000000000000000,    0.00000000000000000000,    1.00000000000000000000, 
          -0.01755428250500064300,   -0.99966700771060402000,    0.01891097290810675100,   -0.41700598155771856000, 
           0.00040720080742470167,   -0.01892103248464602900,   -0.99982092584553917000,    0.76877453853713629000, 
           0.99984579898068648000,   -0.01754343856845421600,    0.00073921026843012244,  -53.67451071283554900000, 
           0.00000000000000000000,    0.00000000000000000000,    0.00000000000000000000,    1.00000000000000000000, 
          -0.01796096330081690300,   -0.99967485637125320000,    0.01809666743050641200,   -0.42597879336123867000, 
           0.00523619717441104960,   -0.01819338453678328400,   -0.99982080296404197000,    0.52700480843894359000, 
           0.99982494789150445000,   -0.01786298717270444800,    0.00556126523119450200,  -54.78326984106342900000, 
           0.00000000000000000000,    0.00000000000000000000,    0.00000000000000000000,    1.00000000000000000000, 
          -0.01862456272504501400,   -0.99967672282814368000,    0.01730547701027571100,   -0.41320557010974945000, 
           0.00863684140560768040,   -0.01746869328614399800,   -0.99981013435893074000,    0.34244422989272139000, 
           0.99978921329884685000,   -0.01847156203650979200,    0.00895939591476521520,  -55.99884028554367900000, 
           0.00000000000000000000,    0.00000000000000000000,    0.00000000000000000000,    1.00000000000000000000, 
          -0.01971646841199435600,   -0.99961092541175955000,    0.01972720726493254800,   -0.37396285932942991000, 
           0.00666114987384403430,   -0.01986193801136760400,   -0.99978056969627338000,    0.45665362161541212000, 
           0.99978339171263952000,   -0.01958073626339863400,    0.00705016531065909890,  -57.10581632562995200000, 
           0.00000000000000000000,    0.00000000000000000000,    0.00000000000000000000,    1.00000000000000000000, 
          -0.02076813603032333000,   -0.99955957671779505000,    0.02119530969902084400,   -0.33119756829005048000, 
           0.00319565153416436020,   -0.02126613991074772000,   -0.99976877033941336000,    0.66112841906871189000, 
           0.99977918197905835000,   -0.02069560111326930800,    0.00363590206121340230,  -58.21212852171431300000, 
           0.00000000000000000000,    0.00000000000000000000,    0.00000000000000000000,    1.00000000000000000000, 
          -0.02085386595739062800,   -0.99956759448909205000,    0.02072786427952974900,   -0.32406092434961042000, 
           0.00269654643051541260,   -0.02078852994179634200,   -0.99978028621373671000,    0.70191640998061755000, 
           0.99977886819682793000,   -0.02079339054210117100,    0.00312890153030398380,  -59.42612342562394900000, 
           0.00000000000000000000,    0.00000000000000000000,    0.00000000000000000000,    1.00000000000000000000, 
          -0.02059916799878587200,   -0.99959732427497328000,    0.01951326768485487200,   -0.33854070266255953000, 
           0.00329901012960596460,   -0.01958525992298392600,   -0.99980277513484017000,    0.67843900844693938000, 
           0.99978234190847848000,   -0.02053073098024372000,    0.00370112163651496310,  -60.53319783606994500000, 
           0.00000000000000000000,    0.00000000000000000000,    0.00000000000000000000,    1.00000000000000000000, 
          -0.01985712132378335300,   -0.99965160030934785000,    0.01738610845937588500,   -0.37203635342075109000, 
           0.00359910598197557640,   -0.01746089437075135800,   -0.99984109669752941000,    0.68034884961336595000, 
           0.99979632003363628000,   -0.01979139163873205900,    0.00394457502832823610,  -61.74436918960039800000, 
           0.00000000000000000000,    0.00000000000000000000,    0.00000000000000000000,    1.00000000000000000000, 
          -0.01872250722899071500,   -0.99968797695849565000,    0.01653240706490890700,   -0.44474018279269012000, 
           0.00318905164396963810,   -0.01659492924990152800,   -0.99985723646639524000,    0.71821337815230890000, 
           0.99981960275763915000,   -0.01866711177226122400,    0.00349875514894136110,  -62.84822559214952500000, 
           0.00000000000000000000,    0.00000000000000000000,    0.00000000000000000000,    1.00000000000000000000, 
          -0.01716361516722128900,   -0.99973449345022047000,    0.01537065242246066000,   -0.54741572980014896000, 
           0.00236192108694310670,   -0.01541341286347667200,   -0.99987844414913429000,    0.78980142706538903000, 
           0.99984987474678055000,   -0.01712522471008620000,    0.00262584375573527390,  -63.95348399666487200000, 
           0.00000000000000000000,    0.00000000000000000000,    0.00000000000000000000,    1.00000000000000000000, 
          -0.01538749722205507900,   -0.99973666189315114000,    0.01702162834894671200,   -0.66558114052164830000, 
           0.00292442392292618230,   -0.01706856806921575700,   -0.99985007214591903000,    0.77696309494119997000, 
           0.99987729900503552000,   -0.01533541191611443400,    0.00318629623720319450,  -65.06042060713059500000, 
           0.00000000000000000000,    0.00000000000000000000,    0.00000000000000000000,    1.00000000000000000000, 
          -0.01357538148825686800,   -0.99974836268454215000,    0.01785565352191820200,   -0.80219425077173423000, 
           0.00355652434894512210,   -0.01790546275185521700,   -0.99983338640976149000,    0.75685926277515092000, 
           0.99990149542206164000,   -0.01350961576146373700,    0.00379870275961407840,  -66.27897992888472300000, 
           0.00000000000000000000,    0.00000000000000000000,    0.00000000000000000000,    1.00000000000000000000, 
          -0.01220537484426007100,   -0.99972258344165454000,    0.02014172329578590300,   -0.90824039486471242000, 
           0.00193151642734152620,   -0.02016675689534825500,   -0.99979479204586230000,    0.88375945098926612000, 
           0.99992361631533955000,   -0.01216396633037334200,    0.00217712331317375300,  -67.38683792078791200000, 
           0.00000000000000000000,    0.00000000000000000000,    0.00000000000000000000,    1.00000000000000000000, 
          -0.01070196961022699100,   -0.99968343016835493000,    0.02276864793883721900,   -1.02587269638761080000, 
          -0.00005285821364931637,   -0.02276938540437169200,   -0.99974077006778661000,    1.02720062154303580000, 
           0.99994270108325156000,   -0.01070039905885407700,    0.00019083570283209145,  -68.49230571034314600000, 
           0.00000000000000000000,    0.00000000000000000000,    0.00000000000000000000,    1.00000000000000000000, 
          -0.00872468184003544720,   -0.99963154602088877000,    0.02570128717296500000,   -1.16785806453585760000, 
           0.00015832091622692245,   -0.02570364530306990000,   -0.99966962172211471000,    1.01868160114021530000, 
           0.99996189690464699000,   -0.00871773057153040630,    0.00038251862129675372,  -69.71585904233840800000, 
           0.00000000000000000000,    0.00000000000000000000,    0.00000000000000000000,    1.00000000000000000000, 
          -0.00671334094487082910,   -0.99957416891843198000,    0.02839570249268658400,   -1.32265912073174620000, 
           0.00216890841680449000,   -0.02841083019375704300,   -0.99959400538688448000,    0.88456544412088800000, 
           0.99997508333600182000,   -0.00664902793420728190,    0.00235871631183609630,  -70.83061862850100000000, 
           0.00000000000000000000,    0.00000000000000000000,    0.00000000000000000000,    1.00000000000000000000, 
          -0.00487666270930194910,   -0.99953438777446268000,    0.03011859646163845100,   -1.46813343119026560000, 
           0.00358903594316109000,   -0.03013625504522224300,   -0.99953938391354147000,    0.78012420486555456000, 
           0.99998163852550004000,   -0.00476631998020703420,    0.00373432907704990360,  -71.94536758236834800000, 
           0.00000000000000000000,    0.00000000000000000000,    0.00000000000000000000,    1.00000000000000000000, 
          -0.00293923704179747600,   -0.99948213807999109000,    0.03204248087042831100,   -1.62338000533708170000, 
           0.00386653095200964040,   -0.03205373841076932700,   -0.99947869553768132000,    0.75955402466228350000, 
           0.99998817554625752000,   -0.00281381184419019590,    0.00395874203835890320,  -73.17434858237433600000, 
           0.00000000000000000000,    0.00000000000000000000,    0.00000000000000000000,    1.00000000000000000000, 
          -0.00099755755979468895,   -0.99943016997201850000,    0.03373787581170839500,   -1.77952683656017020000, 
           0.00509534955143494530,   -0.03374253456309416600,   -0.99941759731136459000,    0.67097844488307901000, 
           0.99998649126031469000,   -0.00082507061175400120,    0.00512610605855416680,  -74.29223501120357300000, 
           0.00000000000000000000,    0.00000000000000000000,    0.00000000000000000000,    1.00000000000000000000, 
           0.00052413862845524721,   -0.99942409868025828000,    0.03392786895047974300,   -1.90409007957418640000, 
           0.00587728288713333050,   -0.03392420882178590100,   -0.99940715458870633000,    0.60870243684446368000, 
           0.99998256146687958000,    0.00072323126183848271,    0.00585611702698051510,  -75.41087739061420300000, 
           0.00000000000000000000,    0.00000000000000000000,    0.00000000000000000000,    1.00000000000000000000, 
           0.00215744608314457100,   -0.99940813773813375000,    0.03433108918841913700,   -2.03703921829432490000, 
           0.00466637166171012670,   -0.03432073372840482200,   -0.99940000362881365000,    0.69651139129970552000, 
           0.99998675531945513000,    0.00231635291310972310,    0.00458956455491967360,  -76.63498354484112000000, 
           0.00000000000000000000,    0.00000000000000000000,    0.00000000000000000000,    1.00000000000000000000, 
           0.00357128765852780410,   -0.99938500689980148000,    0.03488205733630094600,   -2.14416241737623500000, 
           0.00249277702272712640,   -0.03487327434246375500,   -0.99938866105272783000,    0.86537579960957112000, 
           0.99999048614373676000,    0.00365605723785547740,    0.00236670138375489300,  -77.74774273421992600000, 
           0.00000000000000000000,    0.00000000000000000000,    0.00000000000000000000,    1.00000000000000000000, 
           0.00504596632852840830,   -0.99937937676240174000,    0.03486120424589315300,   -2.26088243063010900000, 
           0.00141685836542524820,   -0.03485446791111490600,   -0.99939142162639127000,    0.94935924782052161000, 
           0.99998623547865273000,    0.00509228849354024900,    0.00124010446519941170,  -78.86115895886220500000, 
           0.00000000000000000000,    0.00000000000000000000,    0.00000000000000000000,    1.00000000000000000000, 
           0.00678363983475551050,   -0.99935246290939739000,    0.03533470168522535200,   -2.39750448092634730000, 
           0.00109955770908715630,   -0.03532803888300693100,   -0.99937519264935681000,    0.96930457695994809000, 
           0.99997635652758732000,    0.00681825353634090030,    0.00085919292301775505,  -80.08675777480114300000, 
           0.00000000000000000000,    0.00000000000000000000,    0.00000000000000000000,    1.00000000000000000000, 
           0.00809041781419143380,   -0.99935134609115284000,    0.03509040098177568200,   -2.50711594742286350000, 
           0.00133268205193716890,   -0.03508074264376263200,   -0.99938362028578620000,    0.94554012922246911000, 
           0.99996635418851942000,    0.00813219500609513660,    0.00104799964563753470,  -81.20505747394163600000, 
           0.00000000000000000000,    0.00000000000000000000,    0.00000000000000000000,    1.00000000000000000000, 
           0.00982798276751362800,   -0.99933468610737863000,    0.03512121770465467800,   -2.64874701724559490000, 
           0.00012662700057364078,   -0.03512166995224892000,   -0.99938306334797478000,    1.03219910083113260000, 
           0.99995166639734301000,    0.00982636641711052280,   -0.00021863249301028349,  -82.43532456919429300000, 
           0.00000000000000000000,    0.00000000000000000000,    0.00000000000000000000,    1.00000000000000000000, 
           0.01132149061020306200,   -0.99935039925186453000,    0.03421267895344413900,   -2.77933561461812270000, 
          -0.00216797957309427910,   -0.03423932328615439400,   -0.99941133856230113000,    1.21897666422088410000, 
           0.99993352985358419000,    0.01124065328095409700,   -0.00255421148733002080,  -83.55563698959326800000, 
           0.00000000000000000000,    0.00000000000000000000,    0.00000000000000000000,    1.00000000000000000000, 
           0.01305036171784457000,   -0.99939531159125516000,    0.03222736824689224200,   -2.93682125366909560000, 
          -0.00372152238844394860,   -0.03227843564223640400,   -0.99947201456820001000,    1.35174215905790080000, 
           0.99990788512796402000,    0.01292353601378786400,   -0.00414051733192281370,  -84.67570922527578100000, 
           0.00000000000000000000,    0.00000000000000000000,    0.00000000000000000000,    1.00000000000000000000, 
           0.01513724374209592500,   -0.99940752246476960000,    0.03090909135501744600,   -3.13523909106085560000, 
          -0.00426159136736909730,   -0.03097683740025405900,   -0.99951104517414424000,    1.40142640208890760000, 
           0.99987631390160603000,    0.01499811994683932100,   -0.00472797044734430890,  -85.90756232517406900000, 
           0.00000000000000000000,    0.00000000000000000000,    0.00000000000000000000,    1.00000000000000000000, 
           0.01702481959911914700,   -0.99939944441902784000,    0.03017962968999411700,   -3.31636432811172590000, 
          -0.00352500763323764820,   -0.03024381037735566400,   -0.99953636316867334000,    1.33858298139320180000, 
           0.99984882369674399000,    0.01691054237291262500,   -0.00403778613160185600,  -87.03053679606890100000, 
           0.00000000000000000000,    0.00000000000000000000,    0.00000000000000000000,    1.00000000000000000000, 
           0.01883044371690695600,   -0.99934561166255487000,    0.03088149730643443800,   -3.49746048200333660000, 
          -0.00206298690334962360,   -0.03092574309304357100,   -0.99951958337022773000,    1.20675995855087950000, 
           0.99982053333655752000,    0.01875768864904322300,   -0.00264398243199703320,  -88.15639547141675800000, 
           0.00000000000000000000,    0.00000000000000000000,    0.00000000000000000000,    1.00000000000000000000, 
           0.02071759981699659200,   -0.99930552837845799000,    0.03097008307613534400,   -3.69202654476130480000, 
          -0.00145578495702930120,   -0.03100685092764396400,   -0.99951813936872769000,    1.14702743624096510000, 
           0.99978427780856083000,    0.02066253053737700600,   -0.00209716154837094260,  -89.39931428590597300000, 
           0.00000000000000000000,    0.00000000000000000000,    0.00000000000000000000,    1.00000000000000000000, 
           0.02198927225975353900,   -0.99924663145037040000,    0.03197726499004529400,   -3.83560371422955090000, 
          -0.00200699209634930610,   -0.03202905446741687700,   -0.99948495070914511000,    1.19347810436421260000, 
           0.99975616241782239000,    0.02191376806798217200,   -0.00270977574807715680,  -90.53254295354878400000, 
           0.00000000000000000000,    0.00000000000000000000,    0.00000000000000000000,    1.00000000000000000000, 
           0.02264019491681941100,   -0.99920306001347481000,    0.03287203172159574400,   -3.92112101459612370000, 
          -0.00144814372278623090,   -0.03291320199662065700,   -0.99945719220760121000,    1.13972648800487100000, 
           0.99974259930106613000,    0.02258030169532427800,   -0.00219215100978781970,  -91.66809751447218000000, 
           0.00000000000000000000,    0.00000000000000000000,    0.00000000000000000000,    1.00000000000000000000, 
           0.02288589444008650200,   -0.99922481784822947000,    0.03202972474935731500,   -3.97345366681600560000, 
          -0.00109638176413203760,   -0.03206318194640753900,   -0.99948527020257416000,    1.10648871997522850000, 
           0.99973745262730662000,    0.02283899705892938200,   -0.00182932653174434040,  -92.91815664325982000000, 
           0.00000000000000000000,    0.00000000000000000000,    0.00000000000000000000,    1.00000000000000000000, 
           0.02302039084448362700,   -0.99927391188782944000,    0.03035810701329886100,   -4.00645988519352430000, 
          -0.00205583471060769190,   -0.03041340646663534200,   -0.99953531868171208000,    1.18347015597529380000, 
           0.99973285209209017000,    0.02294728192467662000,   -0.00275447055486894440,  -94.04662712644690700000, 
